111111111111111111111111111111111111111111111111111111111111111111111111111111101111111111111111111111111111111111111111111111111111111111111111
111111111111111111111111111111111111111111111111111111111111111111111111111111000111111111111111111111111111111111111111111111111111111111111111
111111111111111111111111111111111111111111111111111111111111111111111111111110000111111111111111111111111111111111111111111111111111111111111111
111111111111111111111111111111111111111111111111111111111111111111111111111100000011111111111111111111111111111111111111111111111111111111111111
111111111111111111111111111111111111111111111111111111111111111111111111111000010001111111111111111111111111111111111111111111111111111111111111
111111111111111111111111111111111111111111111111111111111111111111111111110000111001111111111111111111111111111111111111111111111111111111111111
111111111111111111111111111111111111111111111111111111111111111111111111100001111100111111111111111111111111111111111111111111111111111111111111
111111111111111111111111111111111111111111111111111111111111111111111111000011111100011111111111111111111111111111111111111111111111111111111111
111111111111111111111111111111111111111111111111111111111111111111111111000111111000111111111111111111111111111111111111111111111111111111111111
111111111111111111111111111111111111111111111111111111101100111111111110000111100011111111111111111111111111111111111111111111111111111111111111
111111111111111111111111111111111111111111111111111100000000011111111100001110000111111111111111100000000001111111111111111111111111111111111111
111111111111111100000000001111111111111111111111100000000000000111111000001000011111111100000000000000000001111111111111111111111111111111111111
111111111111100000000000000001111111111111111100000000000000000011110000000000111111110000000000000011111001111111111011111111111111111111111111
111111111100000000011110000000011111111111100000001111000000100001111000000000000011110000000000000011111001111111110000000111111111111111111111
111111110000001111111111111100001111111110000001111111000001111000111000000000000000110000011111100011111001111111110000000000011111111111111111
111111000001111111111111111110000111111110000011111111000011111100010000001111111000000000111111100011111001111111110000110000000001111111111111
111100000111111111111111111111100011111110000011111111000111111110000001111111111110000000111111100111111000111111110000111111100000000011111111
110000011111111111111111111111110011111110000000111111001111111111000011111111111111000000111111110111111100111111110000111111111000000000001111
100000111111111111111111111111110001111110000000111111001111111110000111111111111111000000111111110111111100111111110000001111111000000000000000
000000111111111111111111111111111001111110000000111111011111111110001111100000011111000000111111110111111100111111110000001111111000001111110001
100000011111111111111111111111111001111111000000111111111111111100011111000100011110000001111111111111111100111111000000001111111100001111111001
100000011111111111111100000111111001111111110000011111111111111000011111011100111100000001111111111111111100111000000000011111111100001111111001
110000001111111111111000000011111001111110000000011111111111110000011110011101111000000001111111111111111100000000111000001111111100011111110011
110000001111111111111100100011111001110000000000011111111111100010011110011011110000000001111111111111111100000111111110001111111100011111110011
111000000110111111111100110011111000000011110000011111111111000110011111000111100010000001111111111111111100011110111111100111111100011111110011
111100000000011111111100110011110000001111111110011111111110001110011111001111000111000001111111111111111100111001111111100111111110011111100011
111100000000011111111110110011110000111101111111001111111110000000011111111110011111100001111111111111111001111001111111110011111110111111100111
111110000000001111111110010011100001111011111111000111111111100000011111111111111111111000111111111111110001110001111101110011111110111111100111
111111000000001111111110000111100011110011111111100111111111111000001111111111111111110000111101111111110011110000111001110011111110111111000111
111111001000000111111111001111000011110001111011100111111111111111000111111111111111100001111100111111110011111000000011110011111111111111001111
111111111100000111111111011110000111110000110011100011111111111111000011111111111111000011111100111101110011111000000011110011111111111111001111
111111111100000111111111111100000111110000000011100011101111111111100001111111111100000011111100011101110011111110001111110011111111111110001111
111111111100000011111111111000001111110000000111100011100011111111110000001111000000000111111100011001110011111111111111100011011111111110011111
111111111110000011111111110000001111111100001111100111100000111111111100000000000000000111111100011001110011111111111111100111011111111110011111
111111111110000001111111100000001111111111111111100111100000001111111111000000000000000111111100001000110011111111111111000111011111111100011111
111111111111000001111111100000001111111111111111000111100000000011111111111000001100000111111000000000110001111111111111001111011111111100111111
111111111111000000111111110000000111111111111111001111100000000000111111111001111100000000000000000000111000111111111110011111011111111100111111
111111111111100000111111110000000111111111111110001111100100000000001111111001111100000000000000000000111100011111111000111111011111111000111111
111111111111100000011111110000000011111111111100001111100111100000000011111001111100000000000000000000111110000111000000111110011111111001111111
111111111111100000011111110000000001111111111000001111100111111000000000111001111111111100000000000000111111000000000000111110011111111001111111
111111111111110000001111111000000000111111100000001111100111111110000000000001111111111111111110000000011111100000000000111110011111110001111111
111111111111110000001111111000000000000000000000001100000111111111100000000001111111111111111111110000000000000011100000111110011111110011111111
111111111111111000001111111000100000000000000100000000000111111111111000000001111111111111111111110000000000000011100000000000011111110011111111
111111111111111000000111111100110000000000001100000000000111111111111110000001111111111111111111110000000000000011100000000000011111100011111111
111111111111111100000111111100111100000000111100000000111111111111111111100001111111111111111111111111100000000011100000000000011111100111111111
111111111111111100000011111100011111111111111101111111111111111111111111111111111111111111111111111111111111101111111111000000011111100111111111
111111111111111100000011111100011111111111111111111111111111111111111111111111111111111111111111111111111111111111111111111000001111000111111111
111111111111111110000001100000011111111111111111111111111111111111111111111111111111111111111111111111111111111111111111111000000000001111111111
111111111111111110000000000000011111111111111111111111111111111111111111111111111111111111111111111111111111111111111111111000000000001111111111
111111111111111111000000000001111111111111111111111111111111111111111111111111111111111111111111111111111111111111111111111100000000001111111111
111111111111111111000000001111111111111111111111111111111111111111111111111111111111111111111111111111111111111111111111111111100000011111111111
111111111111111111100001111111111111111111111111111111111111111111111111111111111111111111111111111111111111111111111111111111111100111111111111
111111111111111111101111111111111111111111111111111111111111111111111111111111111111111111111111111111111111111111111111111111111111111111111111
