111111111111111111111111111111111111111111111111111111111111111111111111111111111111111111111111111111111111111111111111111111111111111111111111
111111111111111111111111111111111111111111111111111111111111111111111111111111111111111111111111111111111111111111111111111111111111111111111111
111111111111111111111111111111111111111111111111111111111111111111111111111111111111111111111111111111111111111111111111111111111111111111111111
111111111111111111111111111111111111111111111111111111111111111111111111111111111111111111111111111111111111111111111111111111111111111111111111
111111111111111111111111111111111111111111111111111111111111111111111111111111111111111111111111111111111111111111111111111111111111111111111111
111111111111111111111111111111111111111111111111111111111111111111111111111111111111111111111111111111111111111111111111111111111111111111111111
111111111111111111111111111111111111111111111111111111111111111111111111111111111111111111111111111111111111111111111111111111111111111111111111
111111111111111111111111111111111111111111111111111111111111111111111111111111111111111111111111111111111111111111111111111111111111111111111111
111111111111111111111111111111111111111111111111111111111111111111111111111111111111111111111111111111111111111111111111111111111111111111111111
111111111111111111111111111111111111111111111111111111111111111111111111111111111111111111111111111111111111111111111111111111111111111111111111
111111111111111111111111111111111111111111111111111111111111111111111111111111111111111111111111111111111111111111111111111111111111111111111111
111111111111111111111111111111111111111111111111111111111111111111111111111111111111111111111111111111111111111111111111111111111111111111111111
111111111111111111111111111111111111111111111111111111111111111111111111111111111111111111111111111111111111111111111111111111111111111111111111
111111111111111111111111111111111111111111111111111111111111111111111111111111111111111111111111111111111111111111111111111111111111111111111111
111111111111111111111111111111111111111111111111111111111111111111111111111111111111111111111111111111111111111111111111111111111111111111111111
111111111111111111111111111111111111111111111111111111111111111111111111111111111111111111111111111111111111111111111111111111111111111111111111
111111111111111111111111111111111111111111111111111111111110111111111111111111111111011111111111111111111111111111111111111111111111111111111111
111111111111111111111111111111111111111111111111111111111110110111111111111111111011011111111111111111111111111111111111111111111111111111111111
111111111111111111111111111111111111111111111111111111111101110111111111111111111011101111111111111111111111111111111111111111111111111111111111
111111111111111111111111111111111111111111111111111111111101100111111111111111111001101111111111111111111111111111111111111111111111111111111111
111111111111111111111111111111111111111111111111111111111001101111111111111111111101100111111111111111111111111111111111111111111111111111111111
111111111111111111111111111111111111111111111111111111111011101111111111111111111100110111111111111111111111111111111111111111111111111111111111
111111111111111111111111111111111111111111111111111111111011001111111111111111111100110111111111111111111111111111111111111111111111111111111111
111111111111111111111111111111111111111111111111111111110011001111111111111111111100110011111111111111111111111111111111111111111111111111111111
111111111111111111111111111111111111111111111111111111110011001111111111111111111110111011111111111111111111111111111111111111111111111111111111
111111111111111111111111111111111111111111111111111111110011001111111111111111111110011011111111111111111111111111111111111111111111111111111111
111111111111111111111111111111111111111111111111111111100110001111111111111111111110011001111111111111111111111111111111111111111111111111111111
111111111111111111111111111111111111111111111111111111100110000000001111111100000000011001111111111111111111111111111111111111111111111111111111
111111111111111111111111111111111111111111111111111111100111000000000101101000000000011001111111111111111111111111111111111111111111111111111111
111111111111111111111111111111111111111111111111111111100111111110010000000010011110111001111111111111111111111111111111111111111111111111111111
111111111111111111111111111111111111111111111111111111100111100000000000000000000001111001111111111111111111111111111111111111111111111111111111
111111111111111111111111111111111111111111111111111111000000000111100000000000111000000001111111111111111111111111111111111111111111111111111111
111111111111111111111111111111111111111111111111111111100000111100000000000000001111000001111111111111111111111111111111111111111111111111111111
111111111111111111111111111111111111111111111111111111110011111000000000000000000111110011111111111111111111111111111111111111111111111111111111
111111111111111111111111111111111111111111111111111111111111110001100000000001100011111111111111111111111111111111111111111111111111111111111111
111111111111111111111111111111111111111111111111111111111111100111001000000100110001111111111111111111111111111111111111111111111111111111111111
111111111111111111111111111111111111111111111111111111111111001100011000000110001100011111111111111111111111111111111111111111111111111111111111
111111111111111111111111111111111111111111111111111111111100011000111000000011000110001111111111111111111111111111111111111111111111111111111111
111111111111111111111111111111111111111111111111111111111001111100111000000011000111100111111111111111111111111111111111111111111111111111111111
111111111111111111111111111111111111111111111111111111110011111100111000000111000111110011111111111111111111111111111111111111111111111111111111
111111111111111111111111111111111111111111111111111110000111111100111000000111000111111000011111111111111111111111111111111111111111111111111111
111111111111111111111111111111111111111111111111111110001111111100111000000111000111111100011111111111111111111111111111111111111111111111111111
111111111111111111111111111111111111111111111111111110001111111100111000000111000111111100011111111111111111111111111111111111111111111111111111
111111111111111111111111111111111111111111111111111110011111111100111000000111001111111110011111111111111111111111111111111111111111111111111111
111111111111111111111111111111111111111111111111111110011111111100111100001111001111111110011111111111111111111111111111111111111111111111111111
111111111111111111111111111111111111111111111111111110011111111100111100001111001111111110011111111111111111111111111111111111111111111111111111
111111111111111111111111111111111111111111111111111110011111111100111110011111001111111110011111111111111111111111111111111111111111111111111111
111111111111111111111111111111111111111111111111111110011111111100111110011111001111111110011111111111111111111111111111111111111111111111111111
111111111111111111111111111111111111111111111111111110011111111100111111111111001111111110011111111111111111111111111111111111111111111111111111
111111111111111111111111111111111111111111111111111111001111111100111111111111001111111110111111111111111111111111111111111111111111111111111111
111111111111111111111111111111111111111111111111111111001111111100111111111111001111111100111111111111111111111111111111111111111111111111111111
111111111111111111111111111111111111111111111111111111001111111100111111111111001111111100111111111111111111111111111111111111111111111111111111
111111111111111111111111111111111111111111111111111111001111111100111111111111001111111100111111111111111111111111111111111111111111111111111111
111111111111111111111111111111111111111111111111111111101111111100111111111111001111111101111111111111111111111111111111111111111111111111111111
111111111111111111111111111111111111111111111111111111100111111110111111111111001111111001111111111111111111111111111111111111111111111111111111
111111111111111111111111111111111111111111111111111111100111111110111111111111011111111001111111111111111111111111111111111111111111111111111111
111111111111111111111111111111111111111111111111111111110111111110111111111110011111111011111111111111111111111111111111111111111111111111111111
111111111111111111111111111111111111111111111111111111110111111110011111111110011111111011111111111111111111111111111111111111111111111111111111
111111111111111111111111111111111111111111111111111111111011111110011111111110011111110111111111111111111111111111111111111111111111111111111111
111111111111111111111111111111111111111111111111111111111011111111011111111110111111110111111111111111111111111111111111111111111111111111111111
111111111111111111111111111111111111111111111111111111111111111111011111111110111111111111111111111111111111111111111111111111111111111111111111
111111111111111111111111111111111111111111111111111111111111111111011111111110111111111111111111111111111111111111111111111111111111111111111111
111111111111111111111111111111111111111111111111111111111111111111101111111101111111111111111111111111111111111111111111111111111111111111111111
111111111111111111111111111111111111111111111111111111111111111111101111111101111111111111111111111111111111111111111111111111111111111111111111
111111111111111111111111111111111111111111111111111111111111111111111111111111111111111111111111111111111111111111111111111111111111111111111111
111111111111111111111111111111111111111111111111111111111111111111111111111111111111111111111111111111111111111111111111111111111111111111111111
111111111111111111111111111111111111111111111111111111111111111111111111111111111111111111111111111111111111111111111111111111111111111111111111
111111111111111111111111111111111111111111111111111111111111111111111111111111111111111111111111111111111111111111111111111111111111111111111111
111111111111111111111111111111111111111111111111111111111111111111111111111111111111111111111111111111111111111111111111111111111111111111111111
111111111111111111111111111111111111111111111111111111111111111111111111111111111111111111111111111111111111111111111111111111111111111111111111
111111111111111111111111111111111111111111111111111111111111111111111111111111111111111111111111111111111111111111111111111111111111111111111111
111111111111111111111111111111111111111111111111111111111111111111111111111111111111111111111111111111111111111111111111111111111111111111111111
111111111111111111111111111111111111111111111111111111111111111111111111111111111111111111111111111111111111111111111111111111111111111111111111
111111111111111111111111111111111111111111111111111111111111111111111111111111111111111111111111111111111111111111111111111111111111111111111111
111111111111111111111111111111111111111111111111111111111111111111111111111111111111111111111111111111111111111111111111111111111111111111111111
111111111111111111111111111111111111111111111111111111111111111111111111111111111111111111111111111111111111111111111111111111111111111111111111
111111111111111111111111111111111111111111111111111111111111111111111111111111111111111111111111111111111111111111111111111111111111111111111111
111111111111111111111111111111111111111111111111111111111111111111111111111111111111111111111111111111111111111111111111111111111111111111111111
111111111111111111111111111111111111111111111111111111111111111111111111111111111111111111111111111111111111111111111111111111111111111111111111
111111111111111111111111111111111111111111111111111111111111111111111111111111111111111111111111111111111111111111111111111111111111111111111111
111111111111111111111111111111111111111111111111111111111111111111111111111111111111111111111111111111111111111111111111111111111111111111111111
